local targetPosition = Vector3.new(103.234131, 25.863678, 1234.39282, 1, 0, 0, 0, 1, 0, 0, 0, 1)
local player = game.Players.LocalPlayer
local character = player.Character or player.CharacterAdded:Wait()
if character and character:FindFirstChild("HumanoidRootPart") then
    character.HumanoidRootPart.CFrame = CFrame.new(targetPosition)
end
wait(1.5)
local targetPosition = Vector3.new(-230.810059, 24.524992, 1577.89966, -1.26361847e-05, 0.965938866, 0.258770198, 0.99999994, 1.2755394e-05, 1.66893005e-06, -1.66893005e-06, 0.258770198, -0.965938807)
local player = game.Players.LocalPlayer
local character = player.Character or player.CharacterAdded:Wait()
if character and character:FindFirstChild("HumanoidRootPart") then
    character.HumanoidRootPart.CFrame = CFrame.new(targetPosition)
end
wait(1.5)
local targetPosition = Vector3.new(107.494301, -1.59133949, 2416.52124, 0.384747863, 0.074196361, 0.920034766, -0.155996948, 0.987652361, -0.0144132748, -0.909743905, -0.137977153, 0.391571581)
local player = game.Players.LocalPlayer
local character = player.Character or player.CharacterAdded:Wait()
if character and character:FindFirstChild("HumanoidRootPart") then
    character.HumanoidRootPart.CFrame = CFrame.new(targetPosition)
end
wait(1.5)
local targetPosition = Vector3.new(121.685463, 36.2765865, 3249.448, 0.966311514, -4.25803883e-05, -0.25737524, -0.00089849811, 0.999993324, -0.00353883789, 0.257373691, 0.00365087087, 0.966305077)
local player = game.Players.LocalPlayer
local character = player.Character or player.CharacterAdded:Wait()
if character and character:FindFirstChild("HumanoidRootPart") then
    character.HumanoidRootPart.CFrame = CFrame.new(targetPosition)
end
wait(1.5)
local targetPosition = Vector3.new(-185.777802, 35.2973576, 3942.89478, 1, 0, 0, 0, 1, 0, 0, 0, 1)
local player = game.Players.LocalPlayer
local character = player.Character or player.CharacterAdded:Wait()
if character and character:FindFirstChild("HumanoidRootPart") then
    character.HumanoidRootPart.CFrame = CFrame.new(targetPosition)
end
wait(1.5)
local targetPosition = Vector3.new(-228.74057, 56.4263077, 4693.80078, -0.936112165, -0.306549728, -0.172398746, -0.0819390193, -0.28660059, 0.954539716, -0.342023492, 0.907682359, 0.24317199)
local player = game.Players.LocalPlayer
local character = player.Character or player.CharacterAdded:Wait()
if character and character:FindFirstChild("HumanoidRootPart") then
    character.HumanoidRootPart.CFrame = CFrame.new(targetPosition)
end
wait(1.5)
local targetPosition = Vector3.new(-167.066986, 37.0497208, 5622.49219, 2.24113464e-05, 0.965912342, 0.25886941, -1.719594e-05, 0.25886941, -0.965912342, -1, 1.719594e-05, 2.24113464e-05)
local player = game.Players.LocalPlayer
local character = player.Character or player.CharacterAdded:Wait()
if character and character:FindFirstChild("HumanoidRootPart") then
    character.HumanoidRootPart.CFrame = CFrame.new(targetPosition)
end
wait(1.5)
local targetPosition = Vector3.new(-228.87851, 29.6000004, 6554.95459, -0.258864403, 0, -0.965913713, 0, 1, 0, 0.965913713, 0, -0.258864403)
local player = game.Players.LocalPlayer
local character = player.Character or player.CharacterAdded:Wait()
if character and character:FindFirstChild("HumanoidRootPart") then
    character.HumanoidRootPart.CFrame = CFrame.new(targetPosition)
end
wait(1.5)
local targetPosition = Vector3.new(-200.379852, 14.7990971, 7882.68555, -0.679542661, -0.656861484, 0.326734871, -0.728100836, 0.65844506, -0.190576524, -0.0899546444, -0.367400676, -0.925703049)
local player = game.Players.LocalPlayer
local character = player.Character or player.CharacterAdded:Wait()
if character and character:FindFirstChild("HumanoidRootPart") then
    character.HumanoidRootPart.CFrame = CFrame.new(targetPosition)
end
wait(1.5)
local targetPosition = Vector3.new(-55.7065125, -315.739624, 9492.35645, 0, 0, -1, 0, 1, 0, 1, 0, 0)
local player = game.Players.LocalPlayer
local character = player.Character or player.CharacterAdded:Wait()
if character and character:FindFirstChild("HumanoidRootPart") then
    character.HumanoidRootPart.CFrame = CFrame.new(targetPosition)
end
